2 0.05 0.7857717516719874 0.057672430906590744
2.25 0.05 0.7807701703265896 0.05523440677473709
2.5 0.05 0.7774060944831807 0.05417183132234552
2.75 0.05 0.7706438784245526 0.05076211757338653
3 0.05 0.7706944060801384 0.04675199646221086
3.25 0.05 0.7716144262156406 0.043869634406936135
3.5 0.05 0.77135668925141 0.04342166911987811
3.75 0.05 0.7698864556868935 0.044068752057792496
4 0.05 0.7689247881471218 0.04852435700036799
5 0.05 0.7653350150459145 0.050560260234088016
6 0.05 0.7612790136302379 0.05346657741496071
2 0.1 0.7667412047191488 0.08072092137457311
2.25 0.1 0.762887059048102 0.07852758491016727
2.5 0.1 0.7579296962158488 0.07621879418201538
2.75 0.1 0.7472207395703849 0.07070343417323546
3 0.1 0.7479492693336623 0.06527961768636338
3.25 0.1 0.7488672061625468 0.062136000716595974
3.5 0.1 0.7487758596875699 0.060948940922794854
3.75 0.1 0.7467758462085964 0.0618557172738365
4 0.1 0.7460074618395811 0.0674026502753407
5 0.1 0.7410515684379956 0.07005940161008141
6 0.1 0.7359503606855541 0.07353442807894177
2 0.15 0.7557362061019056 0.09483705511333192
2.25 0.15 0.7520635279371328 0.09198837629681277
2.5 0.15 0.7453981337235022 0.08809703016158917
2.75 0.15 0.7324405261008701 0.0822992441849205
3 0.15 0.7338962115080689 0.07578448295340835
3.25 0.15 0.7348236383310508 0.0735771373604736
3.5 0.15 0.7345666895131765 0.07147191476381384
3.75 0.15 0.7323950004633153 0.07243621650236606
4 0.15 0.7314775979210945 0.07808838339821432
5 0.15 0.7253516964483536 0.08164529386890813
6 0.15 0.7194397255623308 0.08379947578744859
2 0.2 0.7493377803519051 0.10763105717273837
2.25 0.2 0.7451862800179146 0.10364035597389266
2.5 0.2 0.7369033924586278 0.09837023237722645
2.75 0.2 0.7225063998084807 0.09243066046262402
3 0.2 0.7241122066383041 0.08572232148044855
3.25 0.2 0.7247351557441656 0.08337609910328665
3.5 0.2 0.7243345852908477 0.08048233445664595
3.75 0.2 0.7220670586469297 0.08141009625627021
4 0.2 0.7210258496240872 0.08800229907875455
5 0.2 0.7138003423949179 0.09243814517847113
6 0.2 0.707666276383276 0.09282794353094596